0 0.1796875 0.3291015625 0.17578125 0.3525390625 0.18359375 0.3662109375 0.189453125 0.4013671875 0.197265625 0.4130859375 0.2216796875 0.4296875 0.2646484375 0.439453125 0.3154296875 0.43359375 0.3505859375 0.41796875 0.3671875 0.3955078125 0.380859375 0.3564453125 0.375 0.3330078125 0.3603515625 0.318359375 0.3388671875 0.306640625 0.3017578125 0.296875 0.2626953125 0.294921875 0.2236328125 0.30078125 0.1962890625 0.3125
0 0.177734375 0.3759765625 0.17578125 0.3935546875 0.181640625 0.4072265625 0.181640625 0.4267578125 0.1953125 0.4462890625 0.2275390625 0.46875 0.2568359375 0.4765625 0.3115234375 0.474609375 0.3466796875 0.4609375 0.3671875 0.4345703125 0.37890625 0.3896484375 0.3759765625 0.375 0.36328125 0.4052734375 0.3427734375 0.423828125 0.2998046875 0.4375 0.2646484375 0.439453125 0.2392578125 0.435546875 0.2041015625 0.419921875 0.189453125 0.4013671875 0.18359375 0.3720703125
0 0.1796875 0.4130859375 0.1796875 0.4345703125 0.19921875 0.4853515625 0.2333984375 0.505859375 0.2685546875 0.51171875 0.3115234375 0.5078125 0.3505859375 0.4921875 0.369140625 0.4677734375 0.37890625 0.4326171875 0.3759765625 0.41015625 0.36328125 0.4443359375 0.3447265625 0.462890625 0.3154296875 0.474609375 0.2548828125 0.4765625 0.2314453125 0.470703125 0.2021484375 0.453125 0.189453125 0.4345703125 0.1875 0.4169921875
0 0.18359375 0.4541015625 0.18359375 0.4736328125 0.20703125 0.5380859375 0.2294921875 0.5625 0.2626953125 0.57421875 0.2998046875 0.57421875 0.3330078125 0.560546875 0.357421875 0.5322265625 0.376953125 0.4658203125 0.3740234375 0.453125 0.36328125 0.4794921875 0.3427734375 0.498046875 0.3134765625 0.5078125 0.2685546875 0.51171875 0.2158203125 0.498046875 0.197265625 0.4833984375 0.1875 0.4658203125 0.1875 0.4541015625
0 0.4619140625 0.31640625 0.4609375 0.3369140625 0.4775390625 0.361328125 0.4990234375 0.375 0.5341796875 0.384765625 0.5810546875 0.384765625 0.6083984375 0.376953125 0.62890625 0.3623046875 0.640625 0.3369140625 0.640625 0.3271484375 0.6357421875 0.326171875 0.6181640625 0.3359375 0.5869140625 0.34375 0.5341796875 0.34375 0.5048828125 0.337890625
0 0.455078125 0.3212890625 0.45703125 0.3779296875 0.4814453125 0.396484375 0.5126953125 0.41015625 0.5361328125 0.4140625 0.5927734375 0.41015625 0.6142578125 0.40234375 0.638671875 0.3818359375 0.6435546875 0.333984375 0.630859375 0.3623046875 0.6103515625 0.376953125 0.5791015625 0.384765625 0.5322265625 0.384765625 0.5029296875 0.376953125 0.4716796875 0.357421875 0.462890625 0.3408203125 0.4609375 0.3193359375
0 0.455078125 0.3583984375 0.458984375 0.4091796875 0.4794921875 0.4296875 0.5146484375 0.443359375 0.5771484375 0.4453125 0.5947265625 0.44140625 0.6162109375 0.431640625 0.63671875 0.4033203125 0.6318359375 0.390625 0.6064453125 0.40625 0.5849609375 0.412109375 0.5361328125 0.4140625 0.5126953125 0.41015625 0.4716796875 0.390625 0.462890625 0.3798828125 0.4609375 0.3564453125
0 0.4560546875 0.404296875 0.462890625 0.4482421875 0.478515625 0.4833984375 0.5009765625 0.501953125 0.5400390625 0.51171875 0.5810546875 0.505859375 0.5986328125 0.494140625 0.623046875 0.4560546875 0.630859375 0.4248046875 0.6279296875 0.421875 0.6142578125 0.435546875 0.5849609375 0.4453125 0.5185546875 0.4453125 0.4736328125 0.427734375
3 0.12109375 0.6806640625 0.1171875 0.7431640625 0.134765625 0.8232421875 0.1650390625 0.8671875 0.1923828125 0.888671875 0.2392578125 0.91015625 0.2822265625 0.919921875 0.3330078125 0.921875 0.3740234375 0.916015625 0.4189453125 0.90234375 0.4482421875 0.88671875 0.4814453125 0.859375 0.515625 0.8076171875 0.525390625 0.7314453125 0.521484375 0.6806640625 0.505859375 0.6513671875 0.4775390625 0.623046875 0.4111328125 0.58984375 0.3486328125 0.578125 0.2763671875 0.580078125 0.2333984375 0.58984375 0.2060546875 0.599609375 0.1630859375 0.625 0.13671875 0.6513671875
3 0.12333329518636063 0.7670833349227903 0.15110175589154654 0.802199619184099 0.18442932608311463 0.8238597626722676 0.23108784807055527 0.8438536434936583 0.27774649719258676 0.8555168465711313 0.34273528449306284 0.8571829821199146 0.40939042487619853 0.8455197790424418 0.4677136727114427 0.8305244319853958 0.5093731354509031 0.7922026787734038 0.5210377341641153 0.7655441286388849 0.5260369205466868 0.7255562398781094 0.5243705674640268 0.6789037453632026 0.4893765170552075 0.6222543739965974 0.4327197494372146 0.5955956967440842 0.36939731521939906 0.57726788791248 0.269414604644695 0.57726788791248 0.21775689627468267 0.5955956967440842 0.16276635460475916 0.6222543739965974 0.1211068918652991 0.6722392031680684 0.11944053878263887 0.7138932274776273
3 0.16083329518636064 0.821250001589457 0.19442757171366687 0.8521844483555701 0.23108784807055543 0.872178456294955 0.3044085279189232 0.88217539670565 0.38606110031518304 0.8805092611568667 0.4610481332462111 0.8438536434936581 0.5077067823682425 0.8038657547328828 0.5243705674640267 0.7588794593257566 0.5093731354509029 0.7738749335007965 0.48771016397254724 0.8005334836353155 0.4527162406983189 0.8238597626722673 0.419388670506751 0.8421875079448745 0.35773271650618654 0.8488521772580028 0.2977429884536913 0.8571829821199146 0.2077586506441304 0.8355228386317463 0.1810964927832032 0.8221936271234839 0.14443621642631463 0.7888704076758366 0.1277724313305307 0.7672102641876682 0.12777243133053062 0.7788733401471472 0.13943703004374328 0.7888704076758366 0.14443621642631485 0.813862822261572
3 0.546875 0.5576171875 0.541015625 0.6162109375 0.546875 0.6630859375 0.5546875 0.6845703125 0.5703125 0.7119140625 0.5908203125 0.732421875 0.6396484375 0.763671875 0.6806640625 0.77734375 0.7197265625 0.783203125 0.7939453125 0.779296875 0.8330078125 0.765625 0.8583984375 0.748046875 0.900390625 0.6962890625 0.90625 0.6650390625 0.91796875 0.6376953125 0.9140625 0.5751953125 0.896484375 0.5478515625 0.8701171875 0.5234375 0.8076171875 0.4921875 0.7275390625 0.4765625 0.6865234375 0.4765625 0.6298828125 0.486328125 0.5888671875 0.50390625 0.5732421875 0.515625 0.556640625 0.5341796875
3 0.5504166285196939 0.6191666682561238 0.579360981999359 0.653911330777467 0.6193540916561592 0.6772375462554219 0.6543480149303875 0.695565355087026 0.6926747715045269 0.7155592359084166 0.7210031553135238 0.7138932274776273 0.775993696983447 0.7088946301542856 0.8509807299144754 0.7005638252923738 0.892640192653935 0.6739052115988577 0.9109704579669704 0.6455805259155553 0.9193023505148622 0.6205881113298197 0.9076374975324683 0.57726788791248 0.8893074864886148 0.5406123338082685 0.8593126224623674 0.5172861183303138 0.8259850522707992 0.49729217394992586 0.7793264031487678 0.4822966997748857 0.717670449148203 0.47563209402075457 0.6760109864087431 0.4772982295695381 0.6293523372867117 0.4856290344314499 0.582693815299271 0.5072891143606212 0.5460334118077914 0.5439446684648326 0.544367058725131 0.5706032821583488 0.5476997648904516 0.5989279678416513
3 0.5608332951863606 0.6920833349227904 0.5643635499862355 0.7222240323395391 0.5943584140124831 0.7388856420633628 0.6343515236692832 0.7638779930901012 0.6943411245871871 0.7855380094602754 0.750998019339771 0.7855380094602754 0.8009893746271232 0.7838718739114918 0.8326504646014399 0.7638779930901011 0.8626453286276876 0.7505486544638446 0.8759764075581515 0.7388856420633627 0.8943066728711861 0.7188915705649808 0.9043047913671475 0.6938991559792455 0.8859747803232944 0.7088946301542854 0.8609791026796185 0.7322208456322403 0.8143204535575868 0.752214790012628 0.7759936969834473 0.7588794593257565 0.7276686947787556 0.7588794593257565 0.6776773394914034 0.7555472517871863 0.6293523372867117 0.737219379396585 0.6076894929429468 0.7255562398781091 0.589359227629912 0.7038961599489377