3 0.09765625 0.6943359375 0.095703125 0.7216796875 0.10777594006942635 0.772208797952013 0.1594336484394387 0.828858169318618 0.21942324935734292 0.8571829821199146 0.29274392920571074 0.8688460580793935 0.35106717704095486 0.8638476514330429 0.40272488541096707 0.8405213723960911 0.4393851617678555 0.8271920337698346 0.46604731962878276 0.8155289578103556 0.4793782714246554 0.7972012125377483 0.5060403021509916 0.7738749335007965 0.509765625 0.7041015625 0.505859375 0.6865234375 0.48828125 0.6552734375 0.4443359375 0.619140625 0.4111328125 0.603515625 0.3583984375 0.58984375 0.2666015625 0.587890625 0.2158203125 0.59765625 0.1787109375 0.611328125 0.1455078125 0.630859375 0.1171875 0.6572265625
3 0.11291662851969392 0.7941666682561238 0.1511017558915465 0.8371889741805297 0.1960939247963271 0.8638476514330431 0.2510844664662506 0.8838415322544337 0.3027421748362629 0.8888400660187784 0.36273177575416726 0.872178456294955 0.42438785688932257 0.8571829821199148 0.4743792121766745 0.8271920337698347 0.5077067823682427 0.7872041450090593 0.5143721946988835 0.7472164469252747 0.509373135450903 0.7022299608411572 0.49437570343777915 0.6589098009828147 0.4493835345329986 0.6222543739965972 0.3593990695888467 0.5855986927743919 0.32273866609736734 0.5855986927743919 0.24775163316633944 0.5922633620875202 0.1894283853310953 0.6022603024982155 0.14276986334365455 0.6239203824273868 0.1194405387826388 0.6572436018750341 0.10777594006942622 0.6705729405012906 0.09777756730428326 0.7005638252923738 0.09777756730428322 0.7322208456322404 0.10277675368685464 0.7538809891204089
3 0.11083329518636063 0.8045833349227904 0.14276986334365457 0.8571829821199146 0.17776378661788278 0.8738445918437385 0.1927612186310067 0.8888400660187784 0.2577500059314824 0.9038354130758246 0.30774136121883433 0.9055016757426023 0.37439650160197063 0.8955046082139126 0.42938691613730334 0.8788429984900891 0.4710463788767633 0.8421875079448746 0.501041242903011 0.8121965595947945 0.5143721946988836 0.7655441286388848 0.5127058416162233 0.7055624226157157 0.47104637887676326 0.6322511872892985 0.40605759157628746 0.6005941669494319 0.3010758217536027 0.5839325572256082 0.20775865064413046 0.6005941669494319 0.13610432387842272 0.6322511872892987 0.10610945985217513 0.6722392031680684 0.09444486113896293 0.7155592359084167
0 0.169921875 0.3544921875 0.1640625 0.3662109375 0.1640625 0.3837890625 0.181640625 0.4306640625 0.1962890625 0.4453125 0.2197265625 0.45703125 0.2646484375 0.46484375 0.3056640625 0.4609375 0.3466796875 0.44140625 0.35546875 0.4287109375 0.369140625 0.3759765625 0.365234375 0.3525390625 0.3486328125 0.3359375 0.2978515625 0.318359375 0.2666015625 0.31640625 0.2236328125 0.322265625 0.1904296875 0.3359375
0 0.16796875 0.4013671875 0.166015625 0.4169921875 0.185546875 0.4736328125 0.2138671875 0.4921875 0.2509765625 0.5 0.3056640625 0.49609375 0.3466796875 0.478515625 0.359375 0.4599609375 0.37109375 0.4130859375 0.3642578125 0.396484375 0.353515625 0.4345703125 0.3291015625 0.453125 0.3056640625 0.4609375 0.2568359375 0.46484375 0.2177734375 0.45703125 0.1923828125 0.443359375 0.1796875 0.4287109375 0.171875 0.4013671875
0 0.171875 0.4462890625 0.169921875 0.4599609375 0.1796875 0.4775390625 0.1875 0.5146484375 0.19921875 0.5361328125 0.2197265625 0.556640625 0.2607421875 0.568359375 0.3056640625 0.5625 0.337890625 0.5419921875 0.353515625 0.5146484375 0.361328125 0.4716796875 0.369140625 0.4541015625 0.3642578125 0.435546875 0.357421875 0.4677734375 0.3408203125 0.482421875 0.2998046875 0.498046875 0.2490234375 0.5 0.2138671875 0.4921875 0.1962890625 0.482421875 0.18359375 0.4697265625 0.177734375 0.4462890625
0 0.455078125 0.3388671875 0.453125 0.3505859375 0.458984375 0.3701171875 0.4697265625 0.380859375 0.4990234375 0.396484375 0.5244140625 0.40234375 0.5771484375 0.40234375 0.6005859375 0.396484375 0.6201171875 0.38671875 0.63671875 0.3603515625 0.6337890625 0.349609375 0.6123046875 0.36328125 0.5849609375 0.37109375 0.5205078125 0.37109375 0.4873046875 0.361328125
0 0.451171875 0.3466796875 0.44921875 0.3642578125 0.462890625 0.4111328125 0.4931640625 0.4296875 0.5302734375 0.4375 0.5791015625 0.435546875 0.6162109375 0.421875 0.626953125 0.4111328125 0.640625 0.3642578125 0.6357421875 0.359375 0.62890625 0.3798828125 0.6025390625 0.396484375 0.5419921875 0.404296875 0.4970703125 0.396484375 0.4775390625 0.38671875 0.4609375 0.3720703125
0 0.44921875 0.3837890625 0.45703125 0.4345703125 0.470703125 0.4716796875 0.4892578125 0.4921875 0.5283203125 0.505859375 0.5595703125 0.505859375 0.5927734375 0.494140625 0.619140625 0.4599609375 0.630859375 0.4130859375 0.63671875 0.4052734375 0.6337890625 0.3984375 0.6220703125 0.419921875 0.5849609375 0.435546875 0.5224609375 0.4375 0.4716796875 0.419921875 0.453125 0.3974609375 0.453125 0.3818359375
3 0.537109375 0.5732421875 0.533203125 0.6103515625 0.5543653043556831 0.6472467885823326 0.6010239534777148 0.6872345502251141 0.6376842298346034 0.6972316177538036 0.6926747715045269 0.722224032339539 0.7393334206265584 0.7172254350161973 0.8209858658882274 0.7172254350161973 0.8559799162970464 0.7055624226157156 0.8943066728711861 0.6839022155685501 0.919921875 0.6240234375 0.91796875 0.5908203125 0.8876953125 0.552734375 0.8251953125 0.51953125 0.7607421875 0.50390625 0.6904296875 0.5 0.6162109375 0.51171875 0.5673828125 0.53515625
3 0.5420832951863607 0.6504166682561238 0.5926920609298227 0.7072284310465051 0.6293523372867112 0.7272223754268927 0.6743446333260826 0.7455501842584971 0.7393334206265587 0.7522147900126283 0.8109877473922663 0.7405516504941523 0.8626453286276873 0.7255562398781091 0.8943066728711864 0.695565355087026 0.9109704579669702 0.6689067413935099 0.8993056049845762 0.6655744067369459 0.8543134360797958 0.6972316177538036 0.7759936969834473 0.7238900407703285 0.709338556600311 0.7188915705649808 0.6593472013129591 0.7055624226157156 0.6126885521909275 0.6905668213226812 0.5793609819993594 0.6655744067369459 0.5643635499862357 0.6439143268077746
3 0.5441666285196939 0.6608333349227904 0.5610308438209154 0.7122269648108498 0.582693815299271 0.7255562398781091 0.6060230127256958 0.7472164469252747 0.6393505829172638 0.7572132602179757 0.686009232039295 0.7688763997364518 0.7493315391225198 0.7722087979520131 0.8043220807924434 0.7605455948745401 0.8443153175838344 0.7588794593257566 0.8743099273409003 0.7355531802888045 0.8809755939407228 0.7188915705649809 0.9043047913671475 0.6822360164607695 0.8493142496972242 0.7172254350161974 0.7959901882445518 0.7422178496019329 0.6893419382046159 0.7455501842584971 0.6143549052735878 0.7172254350161974 0.5776946289166992 0.688900812891892