0 0.11681360201511334 0.4879171914357683 0.13255667506297228 0.513499685138539 0.15223551637279598 0.5253069899244333 0.1561712846347607 0.5430179471032746 0.17880195214105793 0.5538413098236776 0.22209540302267003 0.5577770780856424 0.2614530856423174 0.55580919395466 0.28900346347607053 0.5479376574307305 0.2958910579345088 0.529242758186398 0.3145859571788413 0.5184193954659949 0.32934508816120905 0.4997244962216625 0.3509918136020151 0.43281643576826195 0.3460721032745592 0.42002518891687657 0.30671442065491183 0.40625 0.1748661838790932 0.40231423173803527 0.1138617758186398 0.41018576826196473 0.10303841309823678 0.417073362720403 0.10303841309823678 0.4406879722921914 0.11681360201511334 0.4879171914357683
0 0.382477959697733 0.45643104534005036 0.4001889168765743 0.5056281486146096 0.42773929471032746 0.529242758186398 0.4297071788413098 0.5430179471032746 0.4365947732997481 0.5499055415617129 0.47004880352644834 0.5577770780856424 0.5330210957178841 0.5577770780856424 0.564507241813602 0.5499055415617129 0.5713948362720404 0.529242758186398 0.5950094458438288 0.5115318010075567 0.606816750629723 0.48988507556675065 0.6205919395465995 0.43281643576826195 0.6205919395465995 0.42100913098236775 0.6137043450881612 0.41608942065491183 0.5605714735516373 0.40625 0.45233784634760704 0.40428211586901763 0.3834619017632242 0.41412153652392947 0.3785421914357683 0.4190412468513854 0.382477959697733 0.45643104534005036
0 0.7376810453400504 0.5813916876574308 0.805573047858942 0.5784398614609572 0.7996693954659949 0.550889483627204 0.7770387279596978 0.5302267002518891 0.7435846977329975 0.5302267002518891 0.724889798488665 0.5469537153652393 0.7189861460957179 0.5587610201511335 0.7160343198992444 0.577455919395466 0.7376810453400504 0.5813916876574308
0 0.7396489294710328 0.6542034005037783 0.7849102644836272 0.6542034005037783 0.8036051637279596 0.6296048488664987 0.8026212216624685 0.6030384130982368 0.7160343198992444 0.6030384130982368 0.7209540302267002 0.6335406171284634 0.7396489294710328 0.6542034005037783
0 0.8852723551637279 0.5833595717884131 0.9098709068010076 0.5764719773299748 0.9039672544080605 0.5489215994962217 0.8813365869017632 0.5302267002518891 0.8459146725440806 0.5341624685138538 0.8232840050377834 0.5607289042821159 0.8223000629722922 0.5794238035264484 0.8852723551637279 0.5833595717884131
0 0.8409949622166247 0.6492836901763224 0.8498504408060453 0.6542034005037783 0.8892081234256927 0.6542034005037783 0.9059351385390428 0.6374763853904282 0.9138066750629723 0.6177975440806045 0.9108548488664987 0.6050062972292192 0.8262358312342569 0.6050062972292192 0.8252518891687658 0.6276369647355163 0.8409949622166247 0.6492836901763224
0 0.7435846977329975 0.7250472292191436 0.7829423803526449 0.7211114609571788 0.7996693954659949 0.7024165617128464 0.8075409319899244 0.678801952141058 0.8045891057934509 0.673882241813602 0.714066435768262 0.673882241813602 0.7209540302267002 0.7043844458438288 0.7435846977329975 0.7250472292191436
0 0.8272197732997482 0.7024165617128464 0.8518183249370277 0.7250472292191436 0.8892081234256927 0.7230793450881612 0.9079030226700252 0.7024165617128464 0.9138066750629723 0.6847056045340051 0.9108548488664987 0.673882241813602 0.8242679471032746 0.6719143576826196 0.8213161209068011 0.6906092569269522 0.8272197732997482 0.7024165617128464
0 0.11878148614609572 0.2655462846347607 0.12468513853904283 0.2773535894206549 0.15223551637279598 0.29900031486146095 0.1561712846347607 0.3147433879093199 0.1807698362720403 0.32753463476070527 0.2240632871536524 0.33147040302267 0.2614530856423174 0.32950251889168763 0.28703557934508817 0.32163098236775817 0.29392317380352645 0.3147433879093199 0.2958910579345088 0.3029360831234257 0.3254093198992443 0.2793214735516373 0.34115239294710326 0.24389955919395467 0.3509918136020151 0.2045418765743073 0.3509918136020151 0.1986382241813602 0.3322969143576826 0.18584697732997482 0.29490711586901763 0.17797544080604533 0.19454502518891686 0.1740396725440806 0.11976542821158691 0.1819112090680101 0.10303841309823678 0.19076668765743074 0.10500629722921914 0.22422071788413098 0.11878148614609572 0.2655462846347607
0 0.382477959697733 0.22028494962216624 0.4001889168765743 0.2734178211586902 0.4129801637279597 0.2901448362720403 0.4297071788413098 0.3009681989924433 0.4365947732997481 0.32163098236775817 0.468080919395466 0.32950251889168763 0.5389247481108312 0.32950251889168763 0.5664751259445844 0.32163098236775817 0.5733627204030227 0.3009681989924433 0.5950094458438288 0.2852251259445844 0.606816750629723 0.2655462846347607 0.6225598236775819 0.20650976070528967 0.6196079974811083 0.18978274559193956 0.5664751259445844 0.17797544080604533 0.4444663098236776 0.17600755667506296 0.38542978589420657 0.18584697732997482 0.38051007556675065 0.19076668765743074 0.382477959697733 0.22028494962216624
0 0.10303841309823678 0.6630588790931989 0.12468513853904283 0.7279990554156172 0.15223551637279598 0.7516136649874056 0.16109099496221663 0.7722764483627204 0.1925771410579345 0.7801479848866498 0.23980636020151133 0.7821158690176322 0.28900346347607053 0.7722764483627204 0.2958910579345088 0.7634209697732998 0.2958910579345088 0.7535815491183879 0.3273772040302267 0.7279990554156172 0.3509918136020151 0.6571552267002518 0.3509918136020151 0.6492836901763224 0.33032903022670024 0.636492443324937 0.2909713476070529 0.6286209068010076 0.17289829974811083 0.6266530226700252 0.10795812342569269 0.636492443324937 0.10303841309823678 0.6414121536523929 0.10303841309823678 0.6630588790931989
0 0.4001889168765743 0.7299669395465995 0.42773929471032746 0.7555494332493703 0.43462688916876574 0.7742443324937027 0.4661130352644836 0.7821158690176322 0.5153101385390428 0.7840837531486146 0.564507241813602 0.7742443324937027 0.5713948362720404 0.7555494332493703 0.5969773299748111 0.7339027078085643 0.6048488664987406 0.7201275188916877 0.6205919395465995 0.6610909949622166 0.6176401133501259 0.6423960957178841 0.5763145465994962 0.6325566750629723 0.4326590050377834 0.6305887909319899 0.38051007556675065 0.6414121536523929 0.38051007556675065 0.6709304156171285 0.4001889168765743 0.7299669395465995