0 0.103515625 0.4189453125 0.103515625 0.4423828125 0.1171875 0.4892578125 0.1328125 0.5146484375 0.15234375 0.5263671875 0.15625 0.5439453125 0.1787109375 0.5546875 0.2216796875 0.55859375 0.2607421875 0.556640625 0.2880859375 0.548828125 0.294921875 0.5302734375 0.3134765625 0.51953125 0.328125 0.5009765625 0.349609375 0.4345703125 0.3447265625 0.421875 0.3056640625 0.408203125 0.1748046875 0.404296875 0.1142578125 0.412109375
0 0.3818359375 0.416015625 0.376953125 0.4208984375 0.380859375 0.4580078125 0.3984375 0.5068359375 0.42578125 0.5302734375 0.427734375 0.5439453125 0.4345703125 0.55078125 0.4677734375 0.55859375 0.5302734375 0.55859375 0.5615234375 0.55078125 0.568359375 0.5302734375 0.591796875 0.5126953125 0.603515625 0.4912109375 0.6171875 0.4345703125 0.6171875 0.4228515625 0.6103515625 0.41796875 0.5576171875 0.408203125 0.4501953125 0.40625
0 0.71484375 0.5595703125 0.7119140625 0.578125 0.7333984375 0.58203125 0.80078125 0.5791015625 0.794921875 0.5517578125 0.7724609375 0.53125 0.7392578125 0.53125 0.720703125 0.5478515625
0 0.7119140625 0.603515625 0.716796875 0.6337890625 0.7353515625 0.654296875 0.7802734375 0.654296875 0.798828125 0.6298828125 0.7978515625 0.603515625
0 0.818359375 0.5615234375 0.8173828125 0.580078125 0.8798828125 0.583984375 0.904296875 0.5771484375 0.8984375 0.5498046875 0.8759765625 0.53125 0.8408203125 0.53515625
0 0.8212890625 0.60546875 0.8203125 0.6279296875 0.8359375 0.6494140625 0.8447265625 0.654296875 0.8837890625 0.654296875 0.900390625 0.6376953125 0.908203125 0.6181640625 0.9052734375 0.60546875
0 0.7099609375 0.673828125 0.716796875 0.7041015625 0.7392578125 0.724609375 0.7783203125 0.720703125 0.794921875 0.7021484375 0.802734375 0.6787109375 0.7998046875 0.673828125
0 0.8193359375 0.671875 0.81640625 0.6904296875 0.822265625 0.7021484375 0.8466796875 0.724609375 0.8837890625 0.72265625 0.90234375 0.7021484375 0.908203125 0.6845703125 0.9052734375 0.673828125
0 0.103515625 0.1943359375 0.10546875 0.2275390625 0.119140625 0.2685546875 0.125 0.2802734375 0.15234375 0.3017578125 0.15625 0.3173828125 0.1806640625 0.330078125 0.2236328125 0.333984375 0.2607421875 0.33203125 0.2861328125 0.32421875 0.29296875 0.3173828125 0.294921875 0.3056640625 0.32421875 0.2822265625 0.33984375 0.2470703125 0.349609375 0.2080078125 0.349609375 0.2021484375 0.3310546875 0.189453125 0.2939453125 0.181640625 0.1943359375 0.177734375 0.1201171875 0.185546875
0 0.3837890625 0.189453125 0.37890625 0.1943359375 0.380859375 0.2236328125 0.3984375 0.2763671875 0.4111328125 0.29296875 0.427734375 0.3037109375 0.4345703125 0.32421875 0.4658203125 0.33203125 0.5361328125 0.33203125 0.5634765625 0.32421875 0.5703125 0.3037109375 0.591796875 0.2880859375 0.603515625 0.2685546875 0.619140625 0.2099609375 0.6162109375 0.193359375 0.5634765625 0.181640625 0.4423828125 0.1796875
0 0.1083984375 0.63671875 0.103515625 0.6416015625 0.103515625 0.6630859375 0.125 0.7275390625 0.15234375 0.7509765625 0.1611328125 0.771484375 0.1923828125 0.779296875 0.2392578125 0.78125 0.2880859375 0.771484375 0.294921875 0.7626953125 0.294921875 0.7529296875 0.326171875 0.7275390625 0.349609375 0.6572265625 0.349609375 0.6494140625 0.3291015625 0.63671875 0.2900390625 0.62890625 0.1728515625 0.626953125
0 0.37890625 0.6416015625 0.37890625 0.6708984375 0.3984375 0.7294921875 0.42578125 0.7548828125 0.4326171875 0.7734375 0.4638671875 0.78125 0.5126953125 0.783203125 0.5615234375 0.7734375 0.568359375 0.7548828125 0.59375 0.7333984375 0.6015625 0.7197265625 0.6171875 0.6611328125 0.6142578125 0.642578125 0.5732421875 0.6328125 0.4306640625 0.630859375