0 0.06759510869565218 0.4951171875 0.08457880434782608 0.5227156929347826 0.10580842391304347 0.5354534646739131 0.11005434782608696 0.5545601222826086 0.13446841032608695 0.5662364130434783 0.18117357336956522 0.5704823369565217 0.2236328125 0.568359375 0.2533542798913043 0.5598675271739131 0.26078464673913043 0.5396993885869565 0.280952785326087 0.5280230978260869 0.296875 0.5078549592391305 0.32022758152173914 0.4356742527173913 0.31492017663043476 0.421875 0.2724609375 0.40701426630434784 0.1302224864130435 0.4027683423913043 0.06441066576086957 0.4112601902173913 0.052734375 0.4186905570652174 0.052734375 0.44416610054347827 0.06759510869565218 0.4951171875
0 0.354194972826087 0.46114979619565216 0.3733016304347826 0.5142238451086957 0.403023097826087 0.5396993885869565 0.4051460597826087 0.5545601222826086 0.41257642663043476 0.5619904891304348 0.4486667798913043 0.5704823369565217 0.5166015625 0.5704823369565217 0.5505689538043478 0.5619904891304348 0.557999320652174 0.5396993885869565 0.5834748641304348 0.5205927309782609 0.5962126358695652 0.49724014945652173 0.6110733695652174 0.4356742527173913 0.6110733695652174 0.42293648097826086 0.6036430027173914 0.41762907608695654 0.5463230298913043 0.40701426630434784 0.4295601222826087 0.4048913043478261 0.35525645380434784 0.41550611413043476 0.34994904891304346 0.42081351902173914 0.354194972826087 0.46114979619565216
0 0.7373896059782609 0.5959578804347826 0.8106317934782609 0.5927734375 0.8042629076086957 0.5630519701086957 0.7798488451086957 0.5407608695652174 0.743758491847826 0.5407608695652174 0.7235903532608695 0.5588060461956522 0.7172214673913043 0.5715438179347826 0.7140370244565217 0.5917119565217391 0.7373896059782609 0.5959578804347826
0 0.7395125679347826 0.6745074728260869 0.7883406929347826 0.6745074728260869 0.8085088315217391 0.6479704483695652 0.8074473505434783 0.6193104619565217 0.7140370244565217 0.6193104619565217 0.719344429347826 0.6522163722826086 0.7395125679347826 0.6745074728260869
0 0.8966117527173914 0.5980808423913043 0.9231487771739131 0.5906504755434783 0.9167798913043478 0.560929008152174 0.8923658288043478 0.5407608695652174 0.8541525135869565 0.5450067934782609 0.8297384510869565 0.5736667798913043 0.8286769701086957 0.5938349184782609 0.8966117527173914 0.5980808423913043
0 0.8488451086956522 0.6692000679347826 0.8583984375 0.6745074728260869 0.9008576766304348 0.6745074728260869 0.9189028532608695 0.6564622961956522 0.9273947010869565 0.6352326766304348 0.924210258152174 0.6214334239130435 0.8329228940217391 0.6214334239130435 0.8318614130434783 0.6458474864130435 0.8488451086956522 0.6692000679347826
0 0.743758491847826 0.7509341032608695 0.7862177309782609 0.746688179347826 0.8042629076086957 0.7265200407608695 0.8127547554347826 0.7010444972826086 0.8095703125 0.6957370923913043 0.7119140625 0.6957370923913043 0.719344429347826 0.7286430027173914 0.743758491847826 0.7509341032608695
0 0.833984375 0.7265200407608695 0.8605213994565217 0.7509341032608695 0.9008576766304348 0.7488111413043478 0.9210258152173914 0.7265200407608695 0.9273947010869565 0.707413383152174 0.924210258152174 0.6957370923913043 0.8307999320652174 0.6936141304347826 0.8276154891304348 0.7137822690217391 0.833984375 0.7265200407608695
0 0.06971807065217392 0.25522248641304346 0.07608695652173914 0.2679602581521739 0.10580842391304347 0.291312839673913 0.11005434782608696 0.308296535326087 0.1365913722826087 0.32209578804347827 0.18329653532608695 0.32634171195652173 0.2236328125 0.32421875 0.2512313179347826 0.315726902173913 0.2586616847826087 0.308296535326087 0.26078464673913043 0.29555876358695654 0.29262907608695654 0.2700832201086957 0.30961277173913043 0.23186990489130435 0.32022758152173914 0.18941066576086957 0.32022758152173914 0.18304177989130435 0.3000594429347826 0.16924252717391305 0.25972316576086957 0.16075067934782608 0.15145210597826086 0.15650475543478262 0.07077955163043478 0.16499660326086957 0.052734375 0.17454993206521738 0.054857336956521736 0.21064028532608695 0.06971807065217392 0.25522248641304346
0 0.354194972826087 0.2063943614130435 0.3733016304347826 0.26371433423913043 0.3871008831521739 0.28175951086956524 0.4051460597826087 0.29343580163043476 0.41257642663043476 0.315726902173913 0.4465438179347826 0.32421875 0.5229704483695652 0.32421875 0.5526919157608695 0.315726902173913 0.5601222826086957 0.29343580163043476 0.5834748641304348 0.27645210597826086 0.5962126358695652 0.25522248641304346 0.6131963315217391 0.1915336277173913 0.6100118885869565 0.1734884510869565 0.5526919157608695 0.16075067934782608 0.42106827445652173 0.15862771739130435 0.35737941576086957 0.16924252717391305 0.35207201086956524 0.17454993206521738 0.354194972826087 0.2063943614130435
0 0.052734375 0.6840608016304348 0.07608695652173914 0.7541185461956522 0.10580842391304347 0.7795940896739131 0.11536175271739131 0.8018851902173914 0.14932914402173914 0.8103770380434783 0.20028023097826086 0.8125 0.2533542798913043 0.8018851902173914 0.26078464673913043 0.7923318614130435 0.26078464673913043 0.7817170516304348 0.29475203804347827 0.7541185461956522 0.32022758152173914 0.6776919157608695 0.32022758152173914 0.6692000679347826 0.29793648097826086 0.6554008152173914 0.2554772418478261 0.6469089673913043 0.12809952445652173 0.6447860054347826 0.058041779891304345 0.6554008152173914 0.052734375 0.6607082201086957 0.052734375 0.6840608016304348
0 0.3733016304347826 0.756241508152174 0.403023097826087 0.7838400135869565 0.410453464673913 0.8040081521739131 0.44442085597826086 0.8125 0.4974949048913043 0.8146229619565217 0.5505689538043478 0.8040081521739131 0.557999320652174 0.7838400135869565 0.5855978260869565 0.7604874320652174 0.5940896739130435 0.7456266983695652 0.6110733695652174 0.6819378396739131 0.6078889266304348 0.6617697010869565 0.5633067255434783 0.6511548913043478 0.4083305027173913 0.649031929347826 0.35207201086956524 0.6607082201086957 0.35207201086956524 0.6925526494565217 0.3733016304347826 0.756241508152174